ImageJ

Originea este in stanga sus, X creste spre dreapta, Y creste in jos

IMAGINI ORIGINALE:
ROC_batch_2a\210308A0E5DB 
det_polygons = [
    [1092, 1104, 1092, 1215, 1653, 1215, 1653, 1104],
    [1050, 1257, 1050, 1380, 1698, 1380, 1698, 1257],
    [1191, 1425, 1191, 1581, 1569, 1581, 1569, 1425]
]


ROC_batch_2a\210308A3B310
det_polygons = [
    [960, 1062, 960, 1170, 1485, 1170, 1485, 1062],
    [918, 1206, 918, 1314, 1518, 1314, 1518, 1206],
    [1068, 1380, 1068, 1488, 1389, 1488, 1389, 1380]
]


ROC_batch_2a\210308A3B969
det_polygons = [
    [1002, 1086, 1002, 1218, 1581, 1218, 1581, 1086],
    [972, 1248, 972, 1374, 1617, 1374, 1617, 1248],
    [1119, 1431, 1119, 1563, 1467, 1563, 1467, 1431]
]


ROC_batch_2a\210308A3BDE5
det_polygons = [
    [1008, 1095, 1008, 1206, 1569, 1206, 1569, 1095],
    [966, 1254, 966, 1365, 1611, 1365, 1611, 1254],
    [1110, 1437, 1110, 1560, 1464, 1560, 1464, 1437]
]


ROC_batch_2a\210308A7A4EE
det_polygons = [
    [963, 1116, 963, 1233, 1488, 1233, 1488, 1116],
    [930, 1263, 930, 1371, 1527, 1371, 1527, 1263],
    [1059, 1428, 1059, 1548, 1398, 1548, 1398, 1428]
]


ROC_batch_2b\210308A0E5DB
det_polygons = [
    [1095, 1113, 1095, 1236, 1665, 1236, 1665, 1113],
    [1059, 1272, 1059, 1392, 1698, 1392, 1698, 1272],
    [1206, 1446, 1206, 1575, 1575, 1575, 1575, 1446]
]


ROC_batch_2b\210308A3B310
det_polygons = [
    [915, 1062, 915, 1176, 1431, 1176, 1431, 1062],
    [873, 1206, 873, 1320, 1467, 1320, 1467, 1206],
    [1011, 1368, 1011, 1491, 1338, 1491, 1338, 1368]
]


ROC_batch_2b\210308A3B969
det_polygons = [
    [789, 1086, 789, 1209, 1362, 1209, 1362, 1086],
    [753, 1239, 753, 1365, 1401, 1365, 1401, 1239],
    [891, 1404, 891, 1536, 1260, 1536, 1260, 1404]
]


ROC_batch_2b\210308A3BDE5
det_polygons = [
    [1002, 1107, 1002, 1221, 1587, 1221, 1587, 1107],
    [978, 1260, 978, 1389, 1611, 1389, 1611, 1260],
    [1122, 1440, 1122, 1566, 1488, 1566, 1488, 1440]
]


ROC_batch_2b\210308A7A4ED
det_polygons = [
    [840, 867, 840, 996, 1386, 996, 1386, 867],
    [792, 1017, 792, 1149, 1440, 1149, 1440, 1017],
    [954, 1200, 954, 1335, 1302, 1335, 1302, 1200]
]


ROC_batch_2b\210308A7A4EE
det_polygons = [
    [984, 1107, 984, 1227, 1515, 1227, 1515, 1107],
    [957, 1248, 957, 1365, 1548, 1365, 1548, 1248],
    [1095, 1410, 1095, 1536, 1422, 1536, 1422, 1410]
]






















IMAGINI DUPA CROP: